6
18
37
242
290
321
389
404
415
435
444
445
448
487
495
530
593
619
689
696
710
716
740
772
857
881
902
916
947
1014
1026
1101
1124
1153
1156
1170
1181
1182
1204
1217
1226
1232
1290
1319
1326
1328
1331
1356
1363
1364
1397
1494
1514
1522
1553
1597
1611
1634
1674
1676
1681
1695
1709
1716
1721
1737
1797
1798
1855
1871
1878
1899
1908
1982
1984
1988
1989
1993
2018
2063
2093
2102
2135
2182
2225
2233
2387
2406
2421
2447
2462
2521
2525
2539
2584
2610
2636
2654
2705
2708
2758
2801
2820
2825
2930
2949
2975
2990
3003
3005
3023
3059
3073
3132
3225
3240
3246
3263
3288
3303
3330
3364
3405
3406
3430
3511
3525
3529
3550
3598
3599
3646
3716
3718
3723
3727
3742
3782
3796
3859
3863
3874
3936
4011
4093
4145
4199
4239
4246
4265
4284
4314
4380
4391
4399
4486
4497
4498
4500
4504
4512
4567
4578
4658
4688
4690
4838
4879
4921
4948
5065
5107
5176
5306
5420
5560
5583
5630
5675
5709
5714
5888
5914
5937
5983
5988
5998
5999
6035
6059
6101
6170
6172
6418
6458
6471
6530
6619
6636
6658
6740
6749
6769
6898
6944
7094
7121
7205
7230
7260
7272
7302
7309
7320
7371
7416
7479
7514
7620
7732
7790
7803
7805
7814
7863
7872
7915
7941
8065
8094
8110
8115
8183
8287
8321
8376
8494
8816
8974
9019
9025
9054
9071
9214
9280
9285
9446
9546
9610
9666
9679
9729
9746
9765
9768
9769
9781
9792
9847
9867
9879
9888
9904
9905
9922
9944
